       1       1       1    25.6
       2       1       1   25.58
       3       1       1   25.61
       4       1       1   25.57
       5       1       1   25.57
       6       1       1   25.72
       7       1       1   25.66
       8       1       1   25.72
       9       1       1   25.51
      10       1       1   25.61
       1       1       2   25.61
       2       1       2   25.62
       3       1       2   25.58
       4       1       2   25.63
       5       1       2   25.56
       6       1       2   25.67
       7       1       2   25.63
       8       1       2   25.66
       9       1       2   25.46
      10       1       2   25.55
       1       1       3   25.57
       2       1       3   25.63
       3       1       3   25.61
       4       1       3   25.62
       5       1       3   25.59
       6       1       3   25.68
       7       1       3   25.59
       8       1       3   25.69
       9       1       3   25.46
      10       1       3   25.57
       1       2       1   25.56
       2       2       1   25.65
       3       2       1   25.62
       4       2       1   25.57
       5       2       1   25.64
       6       2       1   25.68
       7       2       1   25.61
       8       2       1   25.68
       9       2       1   25.47
      10       2       1   25.62
       1       2       2   25.62
       2       2       2   25.64
       3       2       2   25.59
       4       2       2   25.63
       5       2       2   25.62
       6       2       2   25.67
       7       2       2   25.63
       8       2       2   25.67
       9       2       2   25.44
      10       2       2   25.59
       1       2       3   25.59
       2       2       3   25.63
       3       2       3   25.61
       4       2       3   25.59
       5       2       3   25.67
       6       2       3   25.64
       7       2       3   25.66
       8       2       3   25.73
       9       2       3   25.49
      10       2       3   25.64
       1       3       1   25.57
       2       3       1   25.67
       3       3       1   25.62
       4       3       1   25.59
       5       3       1   25.68
       6       3       1   25.65
       7       3       1   25.69
       8       3       1   25.72
       9       3       1   25.47
      10       3       1   25.61
       1       3       2   25.59
       2       3       2   25.66
       3       3       2   25.64
       4       3       2   25.62
       5       3       2   25.62
       6       3       2   25.63
       7       3       2   25.64
       8       3       2   25.67
       9       3       2   25.54
      10       3       2   25.57
       1       3       3   25.62
       2       3       3   25.64
       3       3       3   25.67
       4       3       3   25.63
       5       3       3   25.65
       6       3       3   25.67
       7       3       3   25.68
       8       3       3   25.69
       9       3       3   25.49
      10       3       3   25.62
